// Blind 6 Down (DERIVED from blind2_down, even-aligned/clean)
// Frame bytes: 03 C0 C1 00 20 01 00 02 A7  (channel one-hot 0x20, cmd 0x02, checksum 0xA7)
unsigned int blind6_down[511] = {
    344,  1120,   904,   580,  1348,   336,  1204,  1260,
   1848,   320,   860,   332,  3712,   364,   296,  1128,
    224,   288,   224,   208,   944,   412,   184,   936,
    476,   596,  1724,  1012,   952,   244,  4104,   664,
   6456,  1476,  3440,   328,  1608,   344,  1452,   264,
   2160,   272,  3604,   640,   428,   468,   664,  1452,
    900,   264,  3460,   344,   480,   744,   280,   268,
   1800,  1096,  6044,   380,  2660,   628,   180,   536,
    528,   212,  4088,   344,  2704,   256,  3536,   360,
   1520,   180,  3976,   636,   668,   276,  1200,   492,
    508,   556,  1920,   184,   228,   308,  6484,   840,
   1024,   408,  3232,   244,  1052,   272,  1612,   776,
    808,   476,   196,   568,   780,  1488,  3220,  1264,
   4644,   872,  3508,   196,  3028,   204,  9528,   264,
   5952,   184,   432,  7672,   360,  5184,   492,   272,
    888,  2816,  1904,  1116,  1504,  2324,  1792,  2024,
   2360,   944,  2968,   796,   296,   560,   340,   564,
    340,   564,   348,   564,   340,   564,   348,   564,
    344,   560,  5032,   604,   316,   592,   316,   592,
    316,   592,   316,   592,   316,   588,   320,   588,
    616,   300,   604,   316,   604,   304,   600,   308,
    304,   596,   312,   596,   312,   592,   320,   588,
    320,   588,   320,   596,   616,   300,   608,   300,
    308,   592,   320,   588,   316,   592,   316,   592,
    316,   592,   612,   312,   312,   592,   316,   588,
    320,   588,   320,   588,   320,   584,   324,   584,
    324,   584,   324,   592,   328,   580,   328,   580,
    580,   328,   328,   580,   328,   580,   328,   576,
    292,   624,   320,   592,   328,   580,   328,   580,
    328,   580,   332,   576,   328,   576,   332,   580,
    328,   576,   628,   300,   324,   576,   332,   572,
    336,   572,   336,   572,   336,   572,   336,   572,
    336,   572,   336,   580,   340,   568,   340,   568,
    340,   568,   340,   568,   336,   572,   340,   568,
    632,   284,   328,   584,   628,   288,   324,   576,
    576,   332,   332,   572,   288,   632,   572,   324,
    572,   336,   628,   292,   616,  8884,  5028,   608,
    312,   596,   312,   596,   312,   592,   316,   592,
    316,   592,   316,   592,   608,   304,   604,   316,
    600,   312,   596,   312,   300,   600,   308,   600,
    308,   596,   312,   596,   312,   596,   312,   604,
    612,   304,   600,   308,   308,   592,   316,   592,
    312,   596,   316,   588,   320,   588,   612,   316,
    308,   592,   316,   592,   316,   592,   316,   588,
    320,   588,   320,   588,   320,   584,   324,   596,
    328,   580,   324,   584,   576,   328,   332,   576,
    332,   576,   332,   576,   288,   624,   324,   592,
    328,   576,   332,   576,   332,   576,   332,   576,
    332,   576,   332,   572,   336,   572,   628,   300,
    324,   576,   332,   576,   332,   576,   332,   572,
    336,   572,   336,   572,   336,   572,   336,   580,
    340,   572,   336,   568,   340,   568,   340,   568,
    340,   568,   340,   564,   636,   280,   332,   580,
    636,   280,   332,   572,   568,   336,   340,   568,
    284,   632,   572,   328,   568,   336,   632,   288,
    620,  8420,  5032,   608,   316,   592,   316,   588,
    320,   588,   320,   588,   320,   584,   324,   584,
    616,   300,   608,   312,   604,   304,   604,   304,
    308,   596,   312,   592,   316,   592,   316,   588,
    320,   588,   320,   600,   616,   300,   604,   304,
    308,   592,   320,   588,   320,   584,   324,   584,
    324,   584,   616,   308,   320,   584,   324,   584,
    324,   580,   328,   580,   328,   580,   328,   580,
    328,   580,   328,   588,   332,   580,   328
};

// Blind 6 Up (DERIVED from blind2_up, even-aligned/clean)
// Frame bytes: 03 C0 C1 00 20 01 00 01 A6  (channel one-hot 0x20, cmd 0x01, checksum 0xA6)
unsigned int blind6_up[511] = {
    152,   196,   212,   760,   348,  3828,   348,   500,
   6360,  1464,   292,   592,   944,   620,   384,   560,
   1364,  1132,   296,   300,   524,  2924,   352,   956,
    620,   200,  1276,  8952,   364,  3932,   632,  1252,
    376,  1496,   244,  2928,   280,   792,   352,  1492,
    340,   452,   340,   712,   380,  7436,   568,   824,
    260,   996,   212,   912,   288,  3296,   868,  1036,
    292,  5184,   476,  3240,   408,  5140,   268,  2212,
    224,  7248,   304,  3720,   428,  9432,   184,  2972,
    744,  7096,   340,  2096,   224,  2284,   156,   912,
    332,   576,   700,   564,   480,   748,   396,   876,
    708,   380,   984,  3232,   940,  9064,   204,  2300,
   1440,   132,   240,  2908,   264,  8916,   796,  5596,
    240,   256,   368,   176,  5524,   168,   240,  2476,
    308,   584,   320,   588,   316,   588,   324,   588,
    316,   584,   332,   584,   320,   584,  5016,   620,
    300,   608,   300,   608,   304,   604,   304,   600,
    308,   600,   308,   600,   604,   312,   592,   328,
    592,   316,   588,   320,   296,   604,   304,   604,
    304,   604,   304,   604,   304,   604,   304,   616,
    600,   316,   592,   312,   300,   604,   304,   600,
    308,   600,   308,   600,   308,   600,   604,   324,
    300,   600,   308,   600,   308,   600,   308,   596,
    312,   596,   316,   592,   316,   592,   316,   604,
    316,   592,   316,   592,   584,   320,   324,   584,
    324,   584,   324,   584,   292,   620,   320,   596,
    324,   584,   324,   584,   324,   584,   324,   580,
    328,   580,   328,   580,   328,   580,   624,   304,
    320,   580,   328,   580,   328,   584,   324,   580,
    328,   580,   328,   580,   328,   580,   332,   584,
    336,   572,   336,   572,   336,   572,   336,   572,
    336,   572,   336,   572,   336,   572,   628,   300,
    620,   288,   324,   576,   576,   332,   332,   576,
    288,   628,   576,   324,   576,   332,   332,   576,
    628,  8892,  5024,   612,   308,   596,   312,   596,
    316,   592,   316,   592,   316,   592,   316,   592,
    612,   304,   600,   320,   600,   308,   600,   308,
    304,   600,   308,   600,   308,   596,   312,   596,
    312,   596,   312,   608,   608,   308,   600,   308,
    304,   596,   312,   596,   316,   588,   320,   588,
    320,   588,   616,   312,   312,   588,   320,   588,
    320,   588,   320,   588,   320,   588,   320,   588,
    320,   588,   320,   600,   320,   588,   320,   588,
    584,   324,   324,   584,   324,   584,   324,   584,
    292,   620,   320,   592,   328,   580,   328,   580,
    328,   580,   328,   580,   328,   580,   328,   580,
    328,   580,   620,   308,   320,   580,   328,   580,
    328,   580,   328,   576,   336,   572,   332,   576,
    332,   576,   332,   588,   332,   576,   332,   576,
    332,   576,   332,   572,   336,   576,   332,   576,
    332,   576,   628,   296,   620,   292,   320,   580,
    584,   328,   324,   580,   292,   624,   580,   320,
    580,   328,   328,   584,   620,  5028,   612,   308,
    596,   312,   600,   312,   592,   316,   592,   312,
    596,   316,   588,   616,   300,   604,   320,   600,
    308,   596,   312,   300,   600,   308,   600,   312,
    596,   308,   600,   312,   596,   312,   608,   604,
    308,   600,   312,   300,   600,   308,   600,   312,
    592,   316,   592,   316,   588,   616,   312,   312,
    588,   320,   588,   320,   588,   320,   588,   320,
    588,   320,   588,   324,   584,   320,   600,   324,
    584,   320,   588,   324,   584,   324,   580,   328,
    580,   328,   580,   624,   292,   320,   592,   328,
    580,   328,   580,   328,   580,   328,   580
};
